 isin months_years count_Mr count_Mrs    Mr  Mrs fut_ret_measure_25 ret_measure_25 division_fem division_hom demeaned_fraction_Mr demeaned_fraction_Mrs        q1_Mr       q2_Mr       q1_Mrs      q2_Mrs
      1: AN8068571086      2010-10        5         2 15744 2293         0.17152014     0.09543145 0.0008722198 3.175813e-04         -0.007911649          -0.009211214 0.0003175813 0.019308943 0.0008722198 0.021805495
      2: AN8068571086      2010-10        5         2 15744 2293         0.15821464     0.10131442 0.0008722198 3.175813e-04         -0.007911649          -0.009211214 0.0003175813 0.019308943 0.0008722198 0.021805495
      3: AN8068571086      2010-10        5         2 15744 2293         0.15436705     0.09336949 0.0008722198 3.175813e-04         -0.007911649          -0.009211214 0.0003175813 0.019308943 0.0008722198 0.021805495
      4: AN8068571086      2010-10        5         2 15744 2293         0.15436705     0.09336949 0.0008722198 3.175813e-04         -0.007911649          -0.009211214 0.0003175813 0.019308943 0.0008722198 0.021805495
      5: AN8068571086      2010-10        5         2 15744 2293         0.11310206     0.15529021 0.0008722198 3.175813e-04         -0.007911649          -0.009211214 0.0003175813 0.019308943 0.0008722198 0.021805495
     ---                                                                                                                                                                                                                 
1838108: ZAE000173951      2017-08        3         1 17024 2622         0.08015755     0.12144755 0.0003813883 1.762218e-04         -0.008053008          -0.009702046 0.0002937030 0.007460056 0.0007627765 0.009534706
1838109: ZAE000173951      2017-08        3         1 17024 2622         0.03876890     0.14526257 0.0003813883 1.762218e-04         -0.008053008          -0.009702046 0.0002937030 0.007460056 0.0007627765 0.009534706
1838110: ZAE000173951      2017-08        3         1 17024 2622         0.03876890     0.14526257 0.0003813883 1.762218e-04         -0.008053008          -0.009702046 0.0002937030 0.007460056 0.0007627765 0.009534706
1838111: ZAE000173951      2019-03        1         1 19064 2466        -0.02259455     0.17401054 0.0004055150 5.245489e-05         -0.008176775          -0.009677919 0.0003147293 0.009074696 0.0008110300 0.010948905
1838112: ZAE000173951      2019-03        1         1 19064 2466        -0.01108150     0.06902002 0.0004055150 5.245489e-05         -0.008176775          -0.009677919 0.0003147293 0.009074696 0.0008110300 0.010948905
         indicator1_hom indicator2_hom indicator1_fem indicator2_fem portf_simple_1_hom portf_simple_1_fem portf_ret_1_hom portf_ret_1_fem portf_ret_2_hom portf_ret_2_fem
      1:              0              0              0              0        -11.6251391         -10.893679      -12.649815     -12.8140853        18.16170     0.008689425
      2:              0              0              0              0        -11.6251391         -10.893679      -12.649815     -12.8140853        18.16170     0.008689425
      3:              0              0              0              0        -11.6251391         -10.893679      -12.649815     -12.8140853        18.16170     0.008689425
      4:              0              0              0              0        -11.6251391         -10.893679      -12.649815     -12.8140853        18.16170     0.008689425
      5:              0              0              0              0        -11.6251391         -10.893679      -12.649815     -12.8140853        18.16170     0.008689425
     ---                                                                                                                                                                  
1838108:              1              0              1              0         -0.3455815          -2.631672        3.469817      -0.8443265        23.80012    13.949320359
1838109:              1              0              1              0         -0.3455815          -2.631672        3.469817      -0.8443265        23.80012    13.949320359
1838110:              1              0              1              0         -0.3455815          -2.631672        3.469817      -0.8443265        23.80012    13.949320359
1838111:              1              0              1              0          0.1866792          -1.640602        3.812612       2.4481736        14.61499    20.792863557
1838112:              1              0              1              0          0.1866792          -1.640602        3.812612       2.4481736        14.61499    20.792863557
